Number of data: 411544
############################## TRAINING #################################
epoch 1 
 train loss: 1.223899 
 recon_loss: 1.212965 
 kl_loss: 36.446965 
 beta: 0.0003
validity: 100.00%, novelty: 100.00%, unique: 0.00%

epoch 2 
 train loss: 0.954448 
 recon_loss: 0.954174 
 kl_loss: 0.246083 
 beta: 0.0011099999999999999
validity: 100.00%, novelty: 100.00%, unique: 0.00%

epoch 3 
 train loss: 0.881919 
 recon_loss: 0.881884 
 kl_loss: 0.018429 
 beta: 0.0019199999999999998
validity: 100.00%, novelty: 100.00%, unique: 0.00%

epoch 4 
 train loss: 0.840565 
 recon_loss: 0.840560 
 kl_loss: 0.001841 
 beta: 0.00273
validity: 100.00%, novelty: 100.00%, unique: 0.00%

