Number of data: 411544
############################## TRAINING #################################
epoch 1 
 train loss: 1.223899 
 recon_loss: 1.212965 
 kl_loss: 36.446965 
 beta: 0.0003
validity: 100.00%, novelty: 100.00%, unique: 0.00%

epoch 2 
 train loss: 0.954380 
 recon_loss: 0.954174 
 kl_loss: 0.212110 
 beta: 0.000975
validity: 100.00%, novelty: 100.00%, unique: 0.00%

epoch 3 
 train loss: 0.881919 
 recon_loss: 0.881885 
 kl_loss: 0.020474 
 beta: 0.00165
validity: 100.00%, novelty: 100.00%, unique: 0.00%

epoch 4 
 train loss: 0.840596 
 recon_loss: 0.840591 
 kl_loss: 0.002146 
 beta: 0.002325
validity: 100.00%, novelty: 100.00%, unique: 0.00%

