Number of data: 411544
############################## TRAINING #################################
epoch 1 
 train loss: 1.223899 
 recon_loss: 1.212965 
 kl_loss: 36.446965 
 beta: 0.0003
validity: 100.00%, novelty: 100.00%, unique: 0.00%

epoch 2 
 train loss: 0.954486 
 recon_loss: 0.954184 
 kl_loss: 0.178844 
 beta: 0.0016857142857142856
validity: 100.00%, novelty: 100.00%, unique: 0.00%

epoch 3 
 train loss: 0.881937 
 recon_loss: 0.881870 
 kl_loss: 0.021607 
 beta: 0.0030714285714285713
validity: 100.00%, novelty: 100.00%, unique: 0.00%

epoch 4 
 train loss: 0.840587 
 recon_loss: 0.840584 
 kl_loss: 0.000795 
 beta: 0.0044571428571428574
validity: 100.00%, novelty: 100.00%, unique: 0.00%

