Number of data: 411544
############################## TRAINING #################################
epoch 1 
 train loss: 1.223899 
 recon_loss: 1.212965 
 kl_loss: 36.446965 
 beta: 0.0003
validity: 100.00%, novelty: 100.00%, unique: 0.00%

epoch 2 
 train loss: 0.954496 
 recon_loss: 0.954182 
 kl_loss: 0.154814 
 beta: 0.0020321428571428574
validity: 100.00%, novelty: 100.00%, unique: 0.00%

epoch 3 
 train loss: 0.882038 
 recon_loss: 0.881888 
 kl_loss: 0.039885 
 beta: 0.003764285714285715
validity: 100.00%, novelty: 100.00%, unique: 0.00%

epoch 4 
 train loss: 0.840565 
 recon_loss: 0.840561 
 kl_loss: 0.000637 
 beta: 0.005496428571428572
validity: 100.00%, novelty: 100.00%, unique: 0.00%

