Number of data: 411544
############################## TRAINING #################################
epoch 1 
 train loss: 1.223899 
 recon_loss: 1.212965 
 kl_loss: 36.446965 
 beta: 0.0003
validity: 100.00%, novelty: 100.00%, unique: 0.00%

epoch 2 
 train loss: 0.954503 
 recon_loss: 0.954185 
 kl_loss: 0.142131 
 beta: 0.0022400000000000002
validity: 100.00%, novelty: 100.00%, unique: 0.00%

epoch 3 
 train loss: 0.881985 
 recon_loss: 0.881876 
 kl_loss: 0.026026 
 beta: 0.0041800000000000006
validity: 100.00%, novelty: 100.00%, unique: 0.00%

epoch 4 
 train loss: 0.840583 
 recon_loss: 0.840581 
 kl_loss: 0.000439 
 beta: 0.0061200000000000004
validity: 100.00%, novelty: 100.00%, unique: 0.00%

